4 0.4443127962085308 0.7030015797788309 0.4881516587677725 0.7124802527646129 0.4751184834123222 0.8372827804107424 0.4869668246445498 0.8436018957345972 0.5 0.7472353870458136 0.6149289099526066 0.7630331753554502 0.6350710900473934 0.7598736176935229 0.6492890995260665 0.8862559241706162 0.6575829383886256 0.8925750394944708 0.6528436018957346 0.7488151658767772 0.7002369668246444 0.7330173775671406 0.7097156398104265 0.8546603475513428 0.7191943127962085 0.8546603475513428 0.7144549763033176 0.7361769352290679 0.7511848341232228 0.7219589257503949 0.5438388625592417 0.6808846761453397
2 0.48578199052132703 0.5276461295418642 0.5059241706161137 0.5071090047393365 0.5248815165876777 0.5355450236966824 0.5106635071090048 0.5639810426540285 0.5177725118483413 0.5892575039494471 0.518957345971564 0.6097946287519748 0.4881516587677725 0.6003159557661928 0.495260663507109 0.5750394944707741 0.4822274881516588 0.5529225908372828
2 0.514218009478673 0.46287519747235384 0.5154028436018957 0.4881516587677725 0.533175355450237 0.4960505529225908 0.5438388625592417 0.5118483412322274 0.533175355450237 0.5276461295418642 0.5367298578199052 0.5545023696682464 0.5627962085308057 0.5513428120063191 0.5627962085308057 0.5181674565560821 0.5521327014218009 0.5039494470774092 0.5746445497630331 0.4755134281200632 0.590047393364929 0.46287519747235384 0.566350710900474 0.46287519747235384 0.5722748815165877 0.44075829383886256 0.5521327014218009 0.4565560821484992 0.5296208530805687 0.46919431279620855
3 0.20260663507109006 0.6303317535545023 0.20142180094786732 0.7567140600315956 0.22037914691943128 0.7709320695102686 0.22274881516587677 0.8056872037914693 0.235781990521327 0.8056872037914693 0.235781990521327 0.7725118483412322 0.29739336492890994 0.7804107424960506 0.31516587677725116 0.7756714060031595 0.31635071090047395 0.8167456556082149 0.3353080568720379 0.7804107424960506 0.4796734142215431 0.73976787704521 0.4881516587677725 0.717219589257504 0.43720379146919425 0.7124802527646129 0.43601895734597157 0.6998420221169036 0.5213270142180095 0.674565560821485 0.509478672985782 0.6350710900473934 0.4537914691943128 0.6192733017377567 0.4111374407582938 0.5703001579778831 0.283175355450237 0.5703001579778831 0.22511848341232227 0.5829383886255924 0.22393364928909953 0.6334913112164297
3 0.8376777251184834 0.7819905213270143 0.8424170616113744 0.8357030015797788 0.8578199052132702 0.8341232227488152 0.8590047393364929 0.7930489731437599 0.8827014218009479 0.7914691943127962 0.9549763033175356 0.7661927330173774 0.95260663507109 0.6334913112164297 0.9229857819905213 0.5829383886255924 0.6421800947867298 0.5639810426540285 0.6338862559241706 0.5971563981042654 0.6066350710900474 0.6003159557661928 0.6042654028436019 0.6145339652448657 0.5485781990521327 0.6224328593996841 0.5450236966824645 0.6729857819905213 0.7677725118483413 0.7124802527646129 0.7523696682464454 0.7361769352290679 0.726303317535545 0.7661927330173774
1 0.6386255924170616 0.2132701421800948 0.6398104265402843 0.5055292259083728 0.768957345971564 0.5039494470774092 0.7701421800947866 0.1990521327014218
1 0.8033175355450237 0.1911532385466035 0.8033175355450237 0.29541864139020535 0.8601895734597157 0.29541864139020535 0.8601895734597157 0.1848341232227488
1 0.792654028436019 0.31911532385466035 0.7962085308056872 0.3507109004739337 0.8649289099526066 0.3507109004739337 0.8601895734597157 0.31121642969984203
1 0.8744075829383885 0.19589257503949448 0.8791469194312796 0.2717219589257504 0.9182464454976303 0.25434439178515006 0.9158767772511848 0.20221169036334913
1 0.8779620853080569 0.2859399684044234 0.8791469194312796 0.35545023696682465 0.9146919431279621 0.34913112164297 0.9170616113744076 0.2796208530805687
