2 0.748835403726708 0.2919254658385093 0.7430124223602483 0.33540372670807456 0.7302018633540373 0.3457556935817806 0.7278726708074533 0.43478260869565216 0.7534937888198757 0.432712215320911 0.7441770186335404 0.45134575569358176 0.7232142857142857 0.45962732919254656 0.7243788819875776 0.5320910973084886 0.7441770186335404 0.5217391304347826 0.7325310559006211 0.5590062111801242 0.7441770186335404 0.5817805383022774 0.7674689440993788 0.5921325051759835 0.7942546583850931 0.598343685300207 0.81055900621118 0.5942028985507246 0.8187111801242236 0.5507246376811594 0.8140527950310559 0.5072463768115942 0.8000776397515527 0.4865424430641822 0.809394409937888 0.45755693581780543 0.826863354037267 0.4472049689440994 0.8163819875776397 0.40993788819875776 0.7989130434782608 0.39751552795031053 0.8059006211180123 0.36645962732919257 0.7919254658385093 0.32091097308488614 0.781444099378882 0.2919254658385093 0.7697981366459626 0.32919254658385094
1 0.3237577639751553 0.051759834368530024 0.3249223602484472 0.3250517598343685 0.43090062111801236 0.32298136645962733 0.42973602484472045 0.049689440993788817
1 0.44604037267080743 0.10973084886128365 0.44604037267080743 0.33540372670807456 0.5706521739130435 0.33954451345755693 0.5741459627329192 0.11594202898550725
1 0.3249223602484472 0.34782608695652173 0.3307453416149068 0.5279503105590062 0.421583850931677 0.5320910973084886 0.42740683229813653 0.3498964803312629
1 0.4448757763975155 0.44306418219461696 0.44254658385093165 0.556935817805383 0.5007763975155279 0.546583850931677 0.5019409937888198 0.4472049689440994
1 0.5112577639751552 0.36645962732919257 0.5124200717557233 0.4989648033126294 0.5671583850931676 0.5010351966873706 0.5694875776397516 0.3726708074534162
1 0.5951086956521738 0.051759834368530024 0.5951086956521738 0.24637681159420294 0.674301242236025 0.2422360248447205 0.6754658385093166 0.051759834368530024
1 0.5857919254658385 0.2670807453416149 0.5834627329192547 0.5341614906832298 0.6929347826086957 0.5320910973084886 0.6929347826086957 0.2608695652173913
4 0.41809006211180116 0.7349896480331263 0.4192546583850931 0.826086956521739 0.4134316770186335 0.855072463768116 0.41809006211180116 0.9296066252587992 0.476320791173487 0.9296066252587992 0.4786490683229813 0.9668737060041408 0.48796583850931674 0.9730848861283644 0.4926242236024844 0.9296066252587992 0.674301242236025 0.9213250517598344 0.6777950310559006 0.7536231884057972 0.674301242236025 0.7246376811594203 0.6498447204968943 0.7080745341614907 0.6265527950310559 0.7060041407867494 0.5904503105590062 0.6997929606625258 0.5485248447204969 0.7060041407867494 0.5054347826086956 0.7080745341614907 0.4716614906832298 0.6997929606625258 0.4448757763975155 0.7060041407867494 0.42973602484472045 0.722567287784679
3 0.1968167701863354 0.8385093167701864 0.20031055900621117 0.9296066252587992 0.3726708074534162 0.9337474120082816 0.40295031055900615 0.8281573498964804 0.7267080745341614 0.8115942028985508 0.7255434782608695 0.6542443064182195 0.674301242236025 0.598343685300207 0.640527950310559 0.598343685300207 0.6416925465838509 0.5652173913043478 0.6184006211180124 0.567287784679089 0.5706521739130435 0.5631469979296067 0.5671583850931676 0.6066252587991718 0.42274844720496885 0.5962732919254659 0.41809006211180116 0.5631469979296067 0.3470496894409937 0.5527950310559007 0.34122670807453415 0.5900621118012422 0.3225931677018633 0.6004140786749482 0.28532608695652173 0.629399585921325 0.2620341614906832 0.6521739130434783 0.2620341614906832 0.7329192546583851
0 0.7453416149068324 0.6231884057971014 0.7406832298136645 0.8757763975155279 0.7756211180124223 0.8778467908902692 0.7767857142857142 0.8198757763975155 0.8000776397515527 0.8488612836438924 0.8024068322981366 0.9772256728778469 0.8466614906832297 0.9875776397515527 0.8571428571428571 0.906832298136646 0.9013975155279502 0.9047619047619048 0.9305124223602483 0.937888198757764 0.9584627329192545 0.9503105590062113 0.96777950310559 0.9047619047619048 0.9736024844720496 0.8571428571428571 0.9724378881987576 0.6314699792960663 0.9293478260869564 0.587991718426501 0.8944099378881987 0.587991718426501 0.844332298136646 0.6066252587991718 0.781444099378882 0.6231884057971014
0 0.05007763975155279 0.556935817805383 0.05007763975155279 0.639751552795031 0.06055900621118013 0.6977225672877847 0.06638198757763975 0.7080745341614907 0.05473602484472049 0.8157349896480333 0.06288819875776397 0.8240165631469979 0.07686335403726707 0.6997929606625258 0.12111801242236025 0.6977225672877847 0.12927018633540371 0.8136645962732919 0.13625776397515527 0.8198757763975155 0.13159937888198756 0.6935817805383023 0.16187888198757766 0.6832298136645963 0.17585403726708074 0.7701863354037267 0.1828416149068323 0.7743271221532091 0.171195652173913 0.6708074534161491 0.16304347826086954 0.650103519668737 0.14790372670807453 0.5797101449275363 0.11413043478260869 0.5486542443064182 0.08035714285714285 0.546583850931677
